LRU = {512: {64: [56.98, 1.1945710527214373], 128: [68.32, 0.9121403400793108], 256: [74.14, 1.0212737145349429]}, 
       768: {64: [52.08, 0.6260990336999424], 128: [62.72, 1.7683325479106013], 256: [69.4, 1.5378556499229699]}, 
       1024: {64: [47.94, 1.5142654985173514], 128: [58.16, 1.2320714265009165], 256: [66.8, 1.0074720839804958]}
      }

--------------------------------------------------------------


EELRU = {
    512: {
          64: {(40, 192): [56.98, 1.1945710527214373], (40, 128): [56.98, 1.1945710527214373], (40, 164): [56.98, 1.1945710527214373]},
          128: {(100, 228): [68.32, 0.9121403400793108], (100, 256): [68.32, 0.9121403400793108], (40, 256): [68.32, 0.9121403400793108], (100, 192): [68.32, 0.9121403400793108],
                (40, 192): [68.32, 0.9121403400793108], (40, 228): [68.32, 0.9121403400793108]}, 
          256: {(100, 320): [74.14, 1.0212737145349429], (128, 320): [74.14, 1.0212737145349429], (40, 320): [74.14, 1.0212737145349429], (40, 384): [74.14, 1.0212737145349429], 
                (128, 356): [74.14, 1.0212737145349429], (100, 356): [74.14, 1.0212737145349429], (40, 356): [74.14, 1.0212737145349429], (128, 384): [74.14, 1.0212737145349429], 
                (100, 384): [74.14, 1.0212737145349429]}}, 
    
    768: {
          64: {(40, 192): [52.08, 0.6260990336999424], (40, 128): [52.08, 0.6260990336999424], (40, 164): [52.08, 0.6260990336999424]}, 
          128: {(100, 228): [62.72, 1.7683325479106013], (100, 256): [62.72, 1.7683325479106013], (40, 256): [62.72, 1.7683325479106013], (100, 192): [62.72, 1.7683325479106013], 
                (40, 192): [62.72, 1.7683325479106013], (40, 228): [62.72, 1.7683325479106013]},
          256: {(100, 320): [69.4, 1.5378556499229699], (128, 320): [69.4, 1.5378556499229699], (40, 320): [69.4, 1.5378556499229699], (40, 384): [69.4, 1.5378556499229699], 
                (128, 356): [69.4, 1.5378556499229699], (100, 356): [69.4, 1.5378556499229699], (40, 356): [69.4, 1.5378556499229699], (128, 384): [69.4, 1.5378556499229699], 
                (100, 384): [69.4, 1.5378556499229699]}}, 
    
    1024: {
           64: {(40, 192): [47.94, 1.5142654985173514], (40, 128): [47.94, 1.5142654985173514], (40, 164): [47.94, 1.5142654985173514]}, 
           128: {(100, 228): [58.16, 1.2320714265009165], (100, 256): [58.16, 1.2320714265009165], (40, 256): [58.16, 1.2320714265009165], (100, 192): [58.16, 1.2320714265009165], 
                 (40, 192): [58.16, 1.2320714265009165], (40, 228): [58.16, 1.2320714265009165]},
           256: {(100, 320): [66.8, 1.0074720839804958], (128, 320): [66.8, 1.0074720839804958], (40, 320): [66.8, 1.0074720839804958], (40, 384): [66.8, 1.0074720839804958],
                 (128, 356): [66.8, 1.0074720839804958], (100, 356): [66.8, 1.0074720839804958], (40, 356): [66.8, 1.0074720839804958], (128, 384): [66.8, 1.0074720839804958],
                 (100, 384): [66.8, 1.0074720839804958]}}}

---------------------------------------------------------------------------------
gEELRU = {512: {
               64: {(32, 96, 8): [56.98, 1.1945710527214373], (32, 96, 4): [56.98, 1.1945710527214373]},
               128: {(64, 160, 8): [68.32, 0.9121403400793108], (32, 160, 8): [68.32, 0.9121403400793108], (32, 192, 8): [68.32, 0.9121403400793108], 
                     (64, 160, 4): [68.32, 0.9121403400793108], (64, 192, 8): [68.32, 0.9121403400793108], (32, 160, 4): [68.32, 0.9121403400793108], (32, 192, 4): [68.32, 0.9121403400793108], 
                     (64, 192, 4): [68.32, 0.9121403400793108]}, 
               256: {(32, 384, 8): [74.14, 1.0212737145349429], (32, 288, 8): [74.14, 1.0212737145349429], (32, 384, 4): [74.14, 1.0212737145349429], (32, 320, 4): [74.14, 1.0212737145349429],
                     (32, 384, 16): [74.14, 1.0212737145349429], (32, 320, 8): [74.14, 1.0212737145349429], (32, 288, 16): [74.14, 1.0212737145349429], (32, 320, 16): [74.14, 1.0212737145349429],
                     (32, 288, 4): [74.14, 1.0212737145349429], (128, 320, 16): [74.14, 1.0212737145349429], (128, 320, 4): [74.14, 1.0212737145349429], (64, 288, 16): [74.14, 1.0212737145349429], 
                     (128, 384, 8): [74.14, 1.0212737145349429], (128, 384, 4): [74.14, 1.0212737145349429], (64, 384, 4): [74.14, 1.0212737145349429], (128, 288, 16): [74.14, 1.0212737145349429],
                     (64, 384, 8): [74.14, 1.0212737145349429], (64, 320, 8): [74.14, 1.0212737145349429], (128, 320, 8): [74.14, 1.0212737145349429], (64, 288, 8): [74.14, 1.0212737145349429], 
                     (64, 320, 4): [74.14, 1.0212737145349429], (128, 384, 16): [74.14, 1.0212737145349429], (64, 384, 16): [74.14, 1.0212737145349429], (128, 288, 8): [74.14, 1.0212737145349429],
                     (64, 288, 4): [74.14, 1.0212737145349429], (128, 288, 4): [74.14, 1.0212737145349429], (64, 320, 16): [74.14, 1.0212737145349429]}}, 

        768: {
            64: {(32, 96, 8): [52.08, 0.6260990336999424], (32, 96, 4): [52.08, 0.6260990336999424]}, 
            128: {(64, 160, 8): [62.72, 1.7683325479106013], (32, 160, 8): [62.72, 1.7683325479106013], (32, 192, 8): [62.72, 1.7683325479106013], (64, 160, 4): [62.72, 1.7683325479106013],
                  (64, 192, 8): [62.72, 1.7683325479106013], (32, 160, 4): [62.72, 1.7683325479106013], (32, 192, 4): [62.72, 1.7683325479106013], (64, 192, 4): [62.72, 1.7683325479106013]},
            256: {(32, 384, 8): [69.4, 1.5378556499229699], (32, 288, 8): [69.4, 1.5378556499229699], (32, 384, 4): [69.4, 1.5378556499229699], (32, 320, 4): [69.4, 1.5378556499229699], 
                  (32, 384, 16): [69.4, 1.5378556499229699], (32, 320, 8): [69.4, 1.5378556499229699], (32, 288, 16): [69.4, 1.5378556499229699], (32, 320, 16): [69.4, 1.5378556499229699],
                  (32, 288, 4): [69.4, 1.5378556499229699], (128, 320, 16): [69.4, 1.5378556499229699], (128, 320, 4): [69.4, 1.5378556499229699], (64, 288, 16): [69.4, 1.5378556499229699],
                  (128, 384, 8): [69.4, 1.5378556499229699], (128, 384, 4): [69.4, 1.5378556499229699], (64, 384, 4): [69.4, 1.5378556499229699], (128, 288, 16): [69.4, 1.5378556499229699],
                  (64, 384, 8): [69.4, 1.5378556499229699], (64, 320, 8): [69.4, 1.5378556499229699], (128, 320, 8): [69.4, 1.5378556499229699], (64, 288, 8): [69.4, 1.5378556499229699],
                  (64, 320, 4): [69.4, 1.5378556499229699], (128, 384, 16): [69.4, 1.5378556499229699], (64, 384, 16): [69.4, 1.5378556499229699], (128, 288, 8): [69.4, 1.5378556499229699],
                  (64, 288, 4): [69.4, 1.5378556499229699], (128, 288, 4): [69.4, 1.5378556499229699], (64, 320, 16): [69.4, 1.5378556499229699]}},

        1024: {
               64: {(32, 96, 8): [47.94, 1.5142654985173514], (32, 96, 4): [47.94, 1.5142654985173514]},
               128: {(64, 160, 8): [58.16, 1.2320714265009165], (32, 160, 8): [58.16, 1.2320714265009165], (32, 192, 8): [58.16, 1.2320714265009165], (64, 160, 4): [58.16, 1.2320714265009165],
                     (64, 192, 8): [58.16, 1.2320714265009165], (32, 160, 4): [58.16, 1.2320714265009165], (32, 192, 4): [58.16, 1.2320714265009165], (64, 192, 4): [58.16, 1.2320714265009165]}, 
               256: {(32, 384, 8): [66.8, 1.0074720839804958], (32, 288, 8): [66.8, 1.0074720839804958], (32, 384, 4): [66.8, 1.0074720839804958], (32, 320, 4): [66.8, 1.0074720839804958],
                     (32, 384, 16): [66.8, 1.0074720839804958], (32, 320, 8): [66.8, 1.0074720839804958], (32, 288, 16): [66.8, 1.0074720839804958], (32, 320, 16): [66.8, 1.0074720839804958],
                     (32, 288, 4): [66.8, 1.0074720839804958], (128, 320, 16): [66.8, 1.0074720839804958], (128, 320, 4): [66.8, 1.0074720839804958], (64, 288, 16): [66.8, 1.0074720839804958],
                     (128, 384, 8): [66.8, 1.0074720839804958], (128, 384, 4): [66.8, 1.0074720839804958], (64, 384, 4): [66.8, 1.0074720839804958], (128, 288, 16): [66.8, 1.0074720839804958],
                     (64, 384, 8): [66.8, 1.0074720839804958], (64, 320, 8): [66.8, 1.0074720839804958], (128, 320, 8): [66.8, 1.0074720839804958], (64, 288, 8): [66.8, 1.0074720839804958],
                     (64, 320, 4): [66.8, 1.0074720839804958], (128, 384, 16): [66.8, 1.0074720839804958], (64, 384, 16): [66.8, 1.0074720839804958], (128, 288, 8): [66.8, 1.0074720839804958],
                     (64, 288, 4): [66.8, 1.0074720839804958], (128, 288, 4): [66.8, 1.0074720839804958], (64, 320, 16): [66.8, 1.0074720839804958]}}}

 


